011100000110100100001110101101
001000010100010101010111100101
001111001111001010000010101100
101011001101011000001011111110
010110001011111100010100011000
010111110000000111011001100101
010011000101001101010000011001
010000011010010011101011100100
000110000101011111010001011011
011101111000101100001010101101
111000011110110001111001010111
101011000011000111100011110010
100110000000000000111001000101
000100100110010001100001010010
001110101111010000000101100001
100011101110001100111110100010
100110011100011011100100011111
101110110010011010101001110001
100001111110001011110000100101
011001110001110110000110000011
010111110100100010111110101011
011001101001111001011111011111
100110000001101011100110110000
010001110001101011000111110001
111010001001010111100011111100
000100111000011101010000111010
001001000111100100000101101111
100011011010001000010011000011
001111011000010110000100000100
110000100001110111111110101100
